100.0
100.0
100.0
100.0
100.0
115.0
157.0
184.0
223.0
226.0
214.0
319.0
196.0
196.0
178.0
169.0
178.0
178.0
220.0
226.0
199.0
310.0
205.0
205.0
181.0
166.0
145.0
148.0
160.0
166.0
178.0
172.0
151.0
256.0
157.0
166.0
211.0
226.0
175.0
331.0
169.0
193.0
178.0
163.0
256.0
163.0
205.0
208.0
160.0
286.0
151.0
169.0
169.0
145.0
226.0
148.0
118.0
130.0
133.0
127.0
157.0
148.0
118.0
109.0
172.0
118.0
118.0
100.0
100.0
100.0
103.0
112.0
112.0
103.0
103.0
157.0
184.0
223.0
226.0
214.0
304.0
196.0
196.0
178.0
169.0
178.0
178.0
220.0
226.0
301.0
199.0
205.0
166.0
178.0
172.0
151.0
259.0
157.0
166.0
211.0
226.0
175.0
337.0
169.0
193.0
178.0
163.0
163.0
205.0
208.0
160.0
295.0
151.0
169.0
169.0
145.0
148.0
118.0
220.0
130.0
133.0
127.0
157.0
148.0
118.0
250.0
109.0
118.0
118.0
100.0
100.0
100.0
103.0
112.0
112.0
103.0
103.0
100.0
100.0
100.0
100.0
