100.0
100.0
100.0
100.0
100.0
43.0
-44.0
-41.0
-17.0
28.0
70.0
178.0
223.0
268.0
304.0
190.0
187.0
211.0
130.0
145.0
160.0
166.0
151.0
49.0
13.0
19.0
37.0
100.0
160.0
220.0
181.0
160.0
166.0
193.0
217.0
136.0
160.0
163.0
145.0
148.0
118.0
82.0
22.0
19.0
49.0
79.0
130.0
151.0
139.0
100.0
100.0
103.0
112.0
112.0
103.0
103.0
157.0
184.0
223.0
226.0
184.0
178.0
205.0
220.0
250.0
280.0
136.0
169.0
205.0
205.0
181.0
145.0
148.0
166.0
187.0
205.0
187.0
157.0
166.0
217.0
265.0
241.0
178.0
196.0
163.0
163.0
205.0
208.0
151.0
169.0
103.0
100.0
100.0
100.0
100.0
