100.0
100.0
100.0
100.0
100.0
127.0
157.0
202.0
289.0
337.0
307.0
211.0
151.0
249.0
240.0
255.0
100.0
151.0
175.0
115.0
256.0
115.0
160.0
220.0
235.0
148.0
325.0
106.0
148.0
172.0
151.0
157.0
175.0
211.0
226.0
313.0
169.0
199.0
229.0
275.0
203.0
240.0
225.0
240.0
130.0
169.0
169.0
145.0
133.0
178.0
220.0
283.0
127.0
355.0
157.0
148.0
118.0
194.0
270.0
246.0
164.0
282.0
100.0
115.0
133.0
157.0
184.0
244.0
277.0
244.0
355.0
196.0
196.0
178.0
169.0
178.0
178.0
220.0
196.0
109.0
295.0
125.0
224.0
117.0
222.0
240.0
100.0
160.0
220.0
271.0
247.0
187.0
130.0
161.0
210.0
210.0
243.0
127.0
157.0
202.0
259.0
310.0
340.0
340.0
340.0
340.0
340.0
340.0
100.0
100.0
100.0
100.0
100.0
100.0
100.0
100.0
100.0
100.0
127.0
157.0
202.0
289.0
337.0
307.0
211.0
151.0
249.0
240.0
255.0
100.0
151.0
175.0
115.0
256.0
115.0
160.0
220.0
235.0
148.0
325.0
106.0
148.0
172.0
151.0
157.0
175.0
211.0
226.0
313.0
169.0
199.0
229.0
275.0
203.0
240.0
225.0
240.0
130.0
169.0
169.0
145.0
133.0
178.0
220.0
283.0
127.0
355.0
157.0
148.0
118.0
194.0
270.0
246.0
164.0
282.0
100.0
115.0
133.0
157.0
184.0
244.0
277.0
244.0
355.0
196.0
196.0
178.0
169.0
178.0
178.0
220.0
196.0
109.0
295.0
125.0
224.0
117.0
222.0
240.0
100.0
160.0
220.0
271.0
247.0
187.0
130.0
161.0
210.0
210.0
243.0
127.0
157.0
202.0
259.0
310.0
340.0
340.0
340.0
340.0
340.0
340.0
100.0
100.0
100.0
100.0
100.0
100.0
100.0
100.0
100.0
100.0
127.0
157.0
202.0
289.0
337.0
307.0
211.0
151.0
249.0
240.0
255.0
100.0
151.0
175.0
115.0
256.0
115.0
160.0
220.0
235.0
148.0
325.0
106.0
148.0
172.0
151.0
157.0
175.0
211.0
226.0
313.0
169.0
199.0
229.0
275.0
203.0
240.0
225.0
240.0
130.0
169.0
169.0
145.0
133.0
178.0
220.0
283.0
127.0
355.0
157.0
148.0
118.0
194.0
270.0
246.0
164.0
282.0
100.0
115.0
133.0
157.0
184.0
244.0
277.0
244.0
355.0
196.0
196.0
178.0
169.0
178.0
178.0
220.0
196.0
109.0
295.0
125.0
224.0
117.0
222.0
240.0
100.0
160.0
220.0
271.0
247.0
187.0
130.0
161.0
210.0
210.0
243.0
127.0
157.0
202.0
259.0
310.0
340.0
340.0
340.0
340.0
340.0
340.0
100.0
100.0
100.0
100.0
100.0
